INFO:root:                            OLS Regression Results
==============================================================================
Dep. Variable:            Sale_Amount   R-squared:                       0.045
Model:                            OLS   Adj. R-squared:                  0.045
Method:                 Least Squares   F-statistic:                     133.0
Date:                Sat, 13 Jun 2020   Prob (F-statistic):               0.00
Time:                        15:47:15   Log-Likelihood:             1.2199e+05
No. Observations:              175978   AIC:                        -2.438e+05
Df Residuals:                  175914   BIC:                        -2.432e+05
Df Model:                          63
Covariance Type:            nonrobust
==============================================================================
                 coef    std err          t      P>|t|      [0.025      0.975]
------------------------------------------------------------------------------
x1            -0.0003      0.086     -0.004      0.997      -0.168       0.167
x2             0.0147      0.020      0.741      0.459      -0.024       0.054
x3            -0.0945      0.008    -11.321      0.000      -0.111      -0.078
const       3.798e-15   6.49e-16      5.851      0.000    2.53e-15    5.07e-15
x4            -0.0148      0.013     -1.119      0.263      -0.041       0.011
x5            -0.0148      0.013     -1.119      0.263      -0.041       0.011
x6         -1.253e-16   3.39e-16     -0.369      0.712    -7.9e-16     5.4e-16
x7             0.5946      0.121      4.914      0.000       0.357       0.832
x8             0.0513      0.140      0.367      0.713      -0.223       0.325
x9             0.6584      0.121      5.441      0.000       0.421       0.896
x10        -1.613e-15   7.32e-16     -2.205      0.027   -3.05e-15   -1.79e-16
x11            0.0136      0.026      0.516      0.606      -0.038       0.065
x12            0.4196      0.061      6.935      0.000       0.301       0.538
x13            0.2482      0.061      4.103      0.000       0.130       0.367
x14            0.2482      0.061      4.103      0.000       0.130       0.367
x15            0.8358      0.121      6.907      0.000       0.599       1.073
x16        -1.895e-15   4.67e-16     -4.053      0.000   -2.81e-15   -9.78e-16
x17           -0.0897      0.124     -0.724      0.469      -0.332       0.153
x18            0.8466      0.121      6.996      0.000       0.609       1.084
x19            0.1636      0.121      1.352      0.176      -0.074       0.401
x20           -0.0134      0.121     -0.111      0.912      -0.251       0.224
x21            0.4512      0.121      3.729      0.000       0.214       0.688
x22            0.2699      0.061      4.460      0.000       0.151       0.388
x23           -0.0004      0.015     -0.028      0.977      -0.030       0.029
x24           -0.0120      0.002     -6.262      0.000      -0.016      -0.008
x25            0.4518      0.121      3.734      0.000       0.215       0.689
x26           -0.0007      0.121     -0.006      0.996      -0.238       0.237
x27            0.0075      0.004      1.680      0.093      -0.001       0.016
x28           -0.1480      0.009    -16.155      0.000      -0.166      -0.130
x29            0.0714      0.002     39.360      0.000       0.068       0.075
x30            0.0563      0.001     64.080      0.000       0.055       0.058
x31            0.1434      0.005     31.803      0.000       0.135       0.152
x32            0.1660      0.002     74.299      0.000       0.162       0.170
x33           -0.0571      0.121     -0.472      0.637      -0.294       0.180
x34           -0.0275      0.086     -0.322      0.747      -0.195       0.140
x35           -0.0019      0.002     -1.218      0.223      -0.005       0.001
x36           -0.0212      0.001    -14.420      0.000      -0.024      -0.018
x37            0.1020      0.005     22.173      0.000       0.093       0.111
x38           -0.1053      0.026     -4.002      0.000      -0.157      -0.054
x39         2.599e-16   4.66e-17      5.578      0.000    1.69e-16    3.51e-16
x40         5.362e-17   5.69e-17      0.942      0.346    -5.8e-17    1.65e-16
x41          5.48e-17   4.15e-17      1.320      0.187   -2.66e-17    1.36e-16
x42         1.445e-16   3.55e-17      4.073      0.000     7.5e-17    2.14e-16
x43            0.0865      0.121      0.714      0.475      -0.151       0.324
x44            0.8113      0.121      6.703      0.000       0.574       1.049
x45         6.748e-17   6.63e-17      1.017      0.309   -6.26e-17    1.98e-16
x46            0.0004      0.121      0.003      0.997      -0.237       0.238
x47         5.386e-16   6.77e-17      7.962      0.000    4.06e-16    6.71e-16
x48        -1.584e-16   3.38e-17     -4.681      0.000   -2.25e-16   -9.21e-17
x49            0.4196      0.061      6.935      0.000       0.301       0.538
x50            0.0552      0.007      7.634      0.000       0.041       0.069
x51            0.0096      0.001      8.185      0.000       0.007       0.012
x52         1.939e-16   3.38e-17      5.730      0.000    1.28e-16     2.6e-16
x53            0.0096      0.001      8.185      0.000       0.007       0.012
x54           -0.0010      0.007     -0.135      0.892      -0.015       0.013
x55            0.1274      0.001    112.412      0.000       0.125       0.130
x56            0.0214      0.001     15.927      0.000       0.019       0.024
x57            0.0349      0.001     24.419      0.000       0.032       0.038
x58            0.0321      0.006      5.197      0.000       0.020       0.044
x59            0.0476      0.005      9.920      0.000       0.038       0.057
x60            0.0453      0.005      8.591      0.000       0.035       0.056
x61            0.0415      0.005      7.845      0.000       0.031       0.052
x62           -0.0010      0.007     -0.135      0.892      -0.015       0.013
x63            0.0821      0.008     10.093      0.000       0.066       0.098
x64        -7.801e-18   8.07e-19     -9.672      0.000   -9.38e-18   -6.22e-18
x65           -0.1043      0.027     -3.843      0.000      -0.157      -0.051
x66            0.1415      0.026      5.358      0.000       0.090       0.193
x67            0.0096      0.001      8.185      0.000       0.007       0.012
x68            0.0712      0.003     23.200      0.000       0.065       0.077
x69            0.0852      0.005     18.038      0.000       0.076       0.094
x70            0.1113      0.010     11.373      0.000       0.092       0.130
x71            0.0144      0.004      3.386      0.001       0.006       0.023
x72            0.1695      0.006     26.721      0.000       0.157       0.182
x73            0.1201      0.001    195.946      0.000       0.119       0.121
x74            0.2567      0.009     28.063      0.000       0.239       0.275
x75            0.2476      0.009     26.839      0.000       0.230       0.266
x76            0.2569      0.009     27.916      0.000       0.239       0.275
x77            0.2774      0.009     29.926      0.000       0.259       0.296
x78            0.2006      0.011     17.690      0.000       0.178       0.223
x79            0.0675      0.014      4.665      0.000       0.039       0.096
x80            0.0445      0.003     17.079      0.000       0.039       0.050
x81            0.0554      0.005     11.072      0.000       0.046       0.065
x82            0.0125      0.003      3.728      0.000       0.006       0.019
x83            0.0610      0.007      8.872      0.000       0.048       0.074
x84            0.1020      0.005     22.173      0.000       0.093       0.111
x85           -0.0145      0.030     -0.479      0.632      -0.074       0.045
x86           -0.0145      0.030     -0.479      0.632      -0.074       0.045
x87           -0.0040      0.012     -0.334      0.739      -0.028       0.020
x88           -0.0040      0.012     -0.334      0.739      -0.028       0.020
x89           -0.0040      0.012     -0.334      0.739      -0.028       0.020
x90           -0.0040      0.012     -0.334      0.739      -0.028       0.020
x91                 0          0        nan        nan           0           0
x92                 0          0        nan        nan           0           0
x93                 0          0        nan        nan           0           0
x94           -0.0040      0.012     -0.334      0.739      -0.028       0.020
x95           -0.0145      0.030     -0.479      0.632      -0.074       0.045
x96                 0          0        nan        nan           0           0
x97           -0.0040      0.012     -0.334      0.739      -0.028       0.020
x98           -0.0040      0.012     -0.334      0.739      -0.028       0.020
x99           -0.0018      0.121     -0.015      0.988      -0.239       0.235
x100          -0.0040      0.012     -0.334      0.739      -0.028       0.020
x101          -0.0040      0.012     -0.334      0.739      -0.028       0.020
x102          -0.0145      0.030     -0.479      0.632      -0.074       0.045
x103          -0.0040      0.012     -0.334      0.739      -0.028       0.020
==============================================================================
Omnibus:                   122750.204   Durbin-Watson:                   1.999
Prob(Omnibus):                  0.000   Jarque-Bera (JB):          1754968.809
Skew:                           3.288   Prob(JB):                         0.00
Kurtosis:                      17.004   Cond. No.                     5.16e+17
==============================================================================
Warnings:
[1] Standard Errors assume that the covariance matrix of the errors is correctly specified.
[2] The smallest eigenvalue is 5.53e-31. This might indicate that there are
strong multicollinearity problems or that the design matrix is singular.
INFO:root:Max error: 0.919978
INFO:root:Mean squared error: 0.015022341655617721
INFO:root:Root mean squared error: 0.12256566262872208
INFO:root:Mean absolute percentage error: 6.0266646441222465
INFO:root:Explained variance score: 0.041134
INFO:root:r2 score: 0.041079
INFO:root:Mean Absolute Error: 0.0731273915193093
DEBUG:matplotlib.font_manager:findfont: Matching :family=sans-serif:style=normal:variant=normal:weight=normal:stretch=normal:size=10.0 to DejaVu Sans ('/Library/Frameworks/Python.framework/Versions/3.6/lib/python3.6/site-packages/matplotlib/mpl-data/fonts/ttf/DejaVuSans.ttf') with score of 0.050000
