DEBUG:root:Reading data from database
DEBUG:root:Total samples in our dataset is: 219973
DEBUG:root:Total samples in our dataset is: 219973
INFO:root:                            OLS Regression Results
==============================================================================
Dep. Variable:            Sale_Amount   R-squared:                       0.045
Model:                            OLS   Adj. R-squared:                  0.045
Method:                 Least Squares   F-statistic:                     140.1
Date:                Sat, 13 Jun 2020   Prob (F-statistic):               0.00
Time:                        15:53:10   Log-Likelihood:             1.2179e+05
No. Observations:              175978   AIC:                        -2.435e+05
Df Residuals:                  175918   BIC:                        -2.429e+05
Df Model:                          59
Covariance Type:            nonrobust
==============================================================================
                 coef    std err          t      P>|t|      [0.025      0.975]
------------------------------------------------------------------------------
x1            -0.0010      0.086     -0.012      0.991      -0.169       0.167
x2             0.0227      0.021      1.091      0.275      -0.018       0.063
x3            -0.0957      0.008    -11.405      0.000      -0.112      -0.079
const      -3.461e-16   2.94e-16     -1.178      0.239   -9.22e-16     2.3e-16
x4            -0.0155      0.013     -1.203      0.229      -0.041       0.010
x5            -0.0155      0.013     -1.203      0.229      -0.041       0.010
x6         -2.955e-15   1.33e-15     -2.217      0.027   -5.57e-15   -3.43e-16
x7             0.5939      0.121      4.902      0.000       0.356       0.831
x8             0.4198      0.099      4.244      0.000       0.226       0.614
x9             0.4838      0.099      4.892      0.000       0.290       0.678
x10            0.0337      0.061      0.556      0.578      -0.085       0.152
x11           -0.0073      0.029     -0.254      0.800      -0.063       0.049
x12        -6.199e-16   5.36e-16     -1.156      0.248   -1.67e-15    4.31e-16
x13            0.2479      0.061      4.093      0.000       0.129       0.367
x14            0.2479      0.061      4.093      0.000       0.129       0.367
x15        -1.605e-15   5.09e-16     -3.157      0.002    -2.6e-15   -6.09e-16
x16            0.0337      0.061      0.556      0.578      -0.085       0.152
x17           -0.0695      0.124     -0.559      0.576      -0.313       0.174
x18            0.8484      0.121      7.003      0.000       0.611       1.086
x19            0.1629      0.121      1.344      0.179      -0.075       0.400
x20           -0.0087      0.121     -0.072      0.943      -0.246       0.229
x21            0.4487      0.121      3.704      0.000       0.211       0.686
x22            0.3351      0.086      3.912      0.000       0.167       0.503
x23           -0.0070      0.015     -0.463      0.643      -0.037       0.023
x24           -0.0105      0.002     -5.506      0.000      -0.014      -0.007
x25            0.4517      0.121      3.729      0.000       0.214       0.689
x26           -0.0015      0.121     -0.012      0.990      -0.239       0.236
x27            0.0051      0.004      1.169      0.242      -0.003       0.014
x28           -0.1526      0.009    -16.495      0.000      -0.171      -0.134
x29            0.0711      0.002     38.713      0.000       0.067       0.075
x30            0.0563      0.001     63.842      0.000       0.055       0.058
x31            0.2299      0.015     15.505      0.000       0.201       0.259
x32            0.1682      0.002     75.193      0.000       0.164       0.173
x33         1.856e-16   9.48e-17      1.958      0.050   -2.15e-19    3.71e-16
x34           -0.0276      0.086     -0.323      0.747      -0.196       0.140
x35           -0.0001      0.002     -0.070      0.945      -0.003       0.003
x36           -0.0231      0.001    -15.691      0.000      -0.026      -0.020
x37            0.0959      0.005     21.071      0.000       0.087       0.105
x38           -0.1085      0.027     -4.035      0.000      -0.161      -0.056
x39        -1.848e-16   4.26e-17     -4.341      0.000   -2.68e-16   -1.01e-16
x40        -2.239e-17   2.74e-17     -0.816      0.415   -7.62e-17    3.14e-17
x41         2.731e-16   5.78e-17      4.726      0.000     1.6e-16    3.86e-16
x42        -3.343e-17   4.67e-17     -0.715      0.474   -1.25e-16    5.82e-17
x43         5.984e-17   4.76e-17      1.256      0.209   -3.35e-17    1.53e-16
x44            0.8130      0.121      6.709      0.000       0.575       1.050
x45         1.503e-16   4.97e-17      3.024      0.002    5.29e-17    2.48e-16
x46            0.0003      0.121      0.002      0.998      -0.237       0.238
x47            0.7351      0.121      6.068      0.000       0.498       0.972
x48        -1.918e-17   4.31e-17     -0.445      0.656   -1.04e-16    6.53e-17
x49        -5.027e-17    1.8e-17     -2.786      0.005   -8.56e-17   -1.49e-17
x50            0.0548      0.007      7.495      0.000       0.041       0.069
x51            0.0078      0.001      6.640      0.000       0.005       0.010
x52         1.365e-16   2.49e-17      5.478      0.000    8.76e-17    1.85e-16
x53            0.0078      0.001      6.640      0.000       0.005       0.010
x54           -0.0342      0.010     -3.365      0.001      -0.054      -0.014
x55            0.1281      0.001    113.380      0.000       0.126       0.130
x56            0.0224      0.001     16.639      0.000       0.020       0.025
x57            0.0338      0.001     23.604      0.000       0.031       0.037
x58           -0.0566      0.015     -3.669      0.000      -0.087      -0.026
x59           -0.0368      0.015     -2.466      0.014      -0.066      -0.008
x60           -0.0429      0.015     -2.843      0.004      -0.072      -0.013
x61           -0.0497      0.015     -3.290      0.001      -0.079      -0.020
x62           -0.0342      0.010     -3.365      0.001      -0.054      -0.014
x63           -0.0097      0.016     -0.592      0.554      -0.042       0.022
x64            0.6279      0.107      5.870      0.000       0.418       0.838
x65           -0.1681      0.032     -5.260      0.000      -0.231      -0.105
x66            0.1558      0.025      6.301      0.000       0.107       0.204
x67            0.0078      0.001      6.640      0.000       0.005       0.010
x68            0.0706      0.003     23.017      0.000       0.065       0.077
x69            0.0899      0.005     18.977      0.000       0.081       0.099
x70            0.1086      0.010     11.235      0.000       0.090       0.128
x71            0.0146      0.004      3.390      0.001       0.006       0.023
x72            0.1687      0.006     26.933      0.000       0.156       0.181
x73            0.1201      0.001    195.760      0.000       0.119       0.121
x74            0.2614      0.009     28.304      0.000       0.243       0.280
x75            0.2523      0.009     27.083      0.000       0.234       0.271
x76            0.2622      0.009     28.215      0.000       0.244       0.280
x77            0.2809      0.009     30.007      0.000       0.263       0.299
x78            0.2043      0.011     17.880      0.000       0.182       0.227
x79            0.0659      0.015      4.385      0.000       0.036       0.095
x80            0.0458      0.003     17.485      0.000       0.041       0.051
x81            0.0555      0.005     10.995      0.000       0.046       0.065
x82            0.0106      0.003      3.133      0.002       0.004       0.017
x83            0.0649      0.007      9.426      0.000       0.051       0.078
x84            0.0959      0.005     21.071      0.000       0.087       0.105
==============================================================================
Omnibus:                   122337.644   Durbin-Watson:                   1.998
Prob(Omnibus):                  0.000   Jarque-Bera (JB):          1732243.782
Skew:                           3.276   Prob(JB):                         0.00
Kurtosis:                      16.904   Cond. No.                     2.36e+17
==============================================================================
Warnings:
[1] Standard Errors assume that the covariance matrix of the errors is correctly specified.
[2] The smallest eigenvalue is 2.64e-30. This might indicate that there are
strong multicollinearity problems or that the design matrix is singular.
INFO:root:Max error: 0.898192
INFO:root:Mean squared error: 0.014888916552744698
INFO:root:Root mean squared error: 0.12202014814261085
INFO:root:Mean absolute percentage error: 5.997204729739631
INFO:root:Explained variance score: 0.043558
INFO:root:r2 score: 0.043554
INFO:root:Mean Absolute Error: 0.07268729480134413
DEBUG:matplotlib.font_manager:findfont: Matching :family=sans-serif:style=normal:variant=normal:weight=normal:stretch=normal:size=10.0 to DejaVu Sans ('/Library/Frameworks/Python.framework/Versions/3.6/lib/python3.6/site-packages/matplotlib/mpl-data/fonts/ttf/DejaVuSans.ttf') with score of 0.050000
