DEBUG:root:Reading data from database
DEBUG:root:Total samples in our dataset is: 57824
DEBUG:root:Total samples in our dataset is: 57824
INFO:root:                            OLS Regression Results
==============================================================================
Dep. Variable:            Sale_Amount   R-squared:                       0.020
Model:                            OLS   Adj. R-squared:                  0.018
Method:                 Least Squares   F-statistic:                     15.72
Date:                Mon, 15 Jun 2020   Prob (F-statistic):          1.50e-154
Time:                        19:25:01   Log-Likelihood:                -3327.4
No. Observations:               46259   AIC:                             6775.
Df Residuals:                   46199   BIC:                             7299.
Df Model:                          59
Covariance Type:            nonrobust
==============================================================================
                 coef    std err          t      P>|t|      [0.025      0.975]
------------------------------------------------------------------------------
x1            -0.2277      0.260     -0.875      0.382      -0.738       0.282
x2            -0.1234      0.106     -1.162      0.245      -0.332       0.085
x3             0.5461      0.260      2.098      0.036       0.036       1.056
const      -1.918e-15   9.48e-16     -2.023      0.043   -3.78e-15   -5.98e-17
x4            -0.0410      0.092     -0.445      0.656      -0.221       0.139
x5            -0.0410      0.092     -0.445      0.656      -0.221       0.139
x6             0.0775      0.016      4.921      0.000       0.047       0.108
x7            -0.2790      0.263     -1.062      0.288      -0.794       0.236
x8             0.2687      0.260      1.032      0.302      -0.241       0.779
x9             0.6777      0.260      2.604      0.009       0.168       1.188
x10            0.0395      0.130      0.303      0.762      -0.216       0.295
x11            0.0187      0.130      0.143      0.886      -0.237       0.274
x12           -0.0977      0.087     -1.127      0.260      -0.268       0.072
x13           -0.0977      0.087     -1.127      0.260      -0.268       0.072
x14           -0.0977      0.087     -1.127      0.260      -0.268       0.072
x15           -0.1051      0.263     -0.400      0.689      -0.620       0.410
x16            0.0395      0.130      0.303      0.762      -0.216       0.295
x17           -0.2609      0.260     -1.003      0.316      -0.771       0.249
x18           -0.2314      0.260     -0.888      0.374      -0.742       0.279
x19            0.0062      0.130      0.047      0.962      -0.249       0.261
x20            0.0062      0.130      0.047      0.962      -0.249       0.261
x21         1.193e-16   1.59e-16      0.751      0.453   -1.92e-16    4.31e-16
x22            0.1701      0.036      4.681      0.000       0.099       0.241
x23           -0.0228      0.151     -0.151      0.880      -0.318       0.273
x24            0.0020      0.010      0.204      0.838      -0.017       0.021
x25            0.6671      0.260      2.562      0.010       0.157       1.177
x26            0.0684      0.260      0.263      0.793      -0.442       0.579
x27            0.0104      0.017      0.601      0.548      -0.024       0.044
x28           -0.1125      0.035     -3.231      0.001      -0.181      -0.044
x29            0.1265      0.011     11.204      0.000       0.104       0.149
x30            0.1643      0.005     32.932      0.000       0.155       0.174
x31            0.2821      0.008     36.287      0.000       0.267       0.297
x32            0.2651      0.008     31.592      0.000       0.249       0.282
x33            0.3979      0.260      1.529      0.126      -0.112       0.908
x34        -9.952e-17   1.29e-16     -0.774      0.439   -3.52e-16    1.53e-16
x35            0.0086      0.007      1.323      0.186      -0.004       0.021
x36           -0.0321      0.006     -5.112      0.000      -0.044      -0.020
x37            0.1427      0.019      7.672      0.000       0.106       0.179
x38           -0.2407      0.063     -3.835      0.000      -0.364      -0.118
x39         7.397e-17   1.09e-16      0.678      0.498    -1.4e-16    2.88e-16
x40           -0.2005      0.260     -0.770      0.441      -0.711       0.310
x41        -1.845e-16   6.66e-17     -2.769      0.006   -3.15e-16   -5.39e-17
x42         5.152e-17   9.33e-17      0.552      0.581   -1.31e-16    2.34e-16
x43            0.2148      0.260      0.826      0.409      -0.295       0.725
x44            0.5499      0.260      2.111      0.035       0.039       1.060
x45            0.2393      0.184      1.300      0.193      -0.121       0.600
x46           -0.1580      0.130     -1.214      0.225      -0.413       0.097
x47           -0.1580      0.130     -1.214      0.225      -0.413       0.097
x48           -0.3477      0.319     -1.091      0.275      -0.972       0.277
x49            0.3959      0.260      1.521      0.128      -0.114       0.906
x50            0.0837      0.019      4.324      0.000       0.046       0.122
x51            0.0426      0.004      9.528      0.000       0.034       0.051
x52         1.073e-17   8.52e-17      0.126      0.900   -1.56e-16    1.78e-16
x53            0.0426      0.004      9.528      0.000       0.034       0.051
x54           -0.0792      0.030     -2.626      0.009      -0.138      -0.020
x55            0.2947      0.005     60.460      0.000       0.285       0.304
x56            0.0997      0.008     13.201      0.000       0.085       0.115
x57            0.0646      0.008      7.876      0.000       0.048       0.081
x58            0.0899      0.018      5.001      0.000       0.055       0.125
x59            0.0568      0.010      5.896      0.000       0.038       0.076
x60            0.0919      0.012      7.379      0.000       0.068       0.116
x61            0.0903      0.013      6.993      0.000       0.065       0.116
x62           -0.0792      0.030     -2.626      0.009      -0.138      -0.020
x63            0.0324      0.024      1.345      0.179      -0.015       0.080
x64         1.129e-18   1.68e-17      0.067      0.946   -3.17e-17     3.4e-17
x65        -1.232e-17   2.24e-17     -0.549      0.583   -5.63e-17    3.16e-17
x66            0.2963      0.070      4.258      0.000       0.160       0.433
x67            0.0426      0.004      9.528      0.000       0.034       0.051
x68            0.1566      0.012     13.354      0.000       0.134       0.180
x69            0.0659      0.018      3.743      0.000       0.031       0.100
x70            0.2285      0.030      7.606      0.000       0.170       0.287
x71            0.0181      0.023      0.780      0.436      -0.027       0.064
x72            0.2967      0.023     13.101      0.000       0.252       0.341
x73            0.2994      0.002    121.078      0.000       0.295       0.304
x74            0.4098      0.035     11.786      0.000       0.342       0.478
x75            0.4285      0.035     12.175      0.000       0.359       0.497
x76            0.3787      0.035     10.802      0.000       0.310       0.447
x77            0.4500      0.035     12.736      0.000       0.381       0.519
x78         1.088e-17   6.44e-18      1.690      0.091   -1.74e-18    2.35e-17
x79            0.1560      0.130      1.199      0.230      -0.099       0.411
x80            0.0425      0.013      3.350      0.001       0.018       0.067
x81        -2.456e-16      5e-17     -4.909      0.000   -3.44e-16   -1.48e-16
x82            0.0659      0.026      2.490      0.013       0.014       0.118
x83            0.7375      0.150      4.909      0.000       0.443       1.032
x84            0.1427      0.019      7.672      0.000       0.106       0.179
==============================================================================
Omnibus:                     4477.527   Durbin-Watson:                   2.010
Prob(Omnibus):                  0.000   Jarque-Bera (JB):             5739.074
Skew:                           0.851   Prob(JB):                         0.00
Kurtosis:                       2.718   Cond. No.                     1.98e+17
==============================================================================
Warnings:
[1] Standard Errors assume that the covariance matrix of the errors is correctly specified.
[2] The smallest eigenvalue is 9.94e-31. This might indicate that there are
strong multicollinearity problems or that the design matrix is singular.
INFO:root:Max error: 0.842262
INFO:root:Mean squared error: 0.06647455655467156
INFO:root:Root mean squared error: 0.2578266017203647
INFO:root:Mean absolute percentage error: 16.370429050596535
INFO:root:Explained variance score: 0.016944
INFO:root:r2 score: 0.01694
INFO:root:Mean Absolute Error: 0.21481357644120858
DEBUG:matplotlib.font_manager:findfont: Matching :family=sans-serif:style=normal:variant=normal:weight=normal:stretch=normal:size=10.0 to DejaVu Sans ('/Library/Frameworks/Python.framework/Versions/3.6/lib/python3.6/site-packages/matplotlib/mpl-data/fonts/ttf/DejaVuSans.ttf') with score of 0.050000
