DEBUG:root:Reading data from database
DEBUG:root:Total samples in our dataset is: 201375
DEBUG:root:Total samples in our dataset is: 201375
INFO:root:                            OLS Regression Results
==============================================================================
Dep. Variable:            Sale_Amount   R-squared:                       0.025
Model:                            OLS   Adj. R-squared:                  0.025
Method:                 Least Squares   F-statistic:                     73.40
Date:                Mon, 15 Jun 2020   Prob (F-statistic):               0.00
Time:                        19:58:10   Log-Likelihood:             1.3005e+05
No. Observations:              161100   AIC:                        -2.600e+05
Df Residuals:                  161042   BIC:                        -2.594e+05
Df Model:                          57
Covariance Type:            nonrobust
==============================================================================
                 coef    std err          t      P>|t|      [0.025      0.975]
------------------------------------------------------------------------------
x1             0.0031      0.108      0.028      0.977      -0.209       0.215
x2            -0.0196      0.018     -1.104      0.270      -0.054       0.015
x3            -0.0917      0.007    -12.282      0.000      -0.106      -0.077
const        1.37e-15   1.72e-16      7.948      0.000    1.03e-15    1.71e-15
x4            -0.0152      0.012     -1.230      0.219      -0.040       0.009
x5            -0.0152      0.012     -1.230      0.219      -0.040       0.009
x6          8.723e-16   2.27e-16      3.844      0.000    4.28e-16    1.32e-15
x7             0.6244      0.108      5.783      0.000       0.413       0.836
x8             0.4372      0.065      6.702      0.000       0.309       0.565
x9             0.3575      0.073      4.911      0.000       0.215       0.500
x10            0.0364      0.054      0.675      0.500      -0.069       0.142
x11           -0.0032      0.024     -0.133      0.894      -0.051       0.044
x12            0.4375      0.054      8.103      0.000       0.332       0.543
x13            0.1287      0.036      3.563      0.000       0.058       0.199
x14            0.1287      0.036      3.563      0.000       0.058       0.199
x15            0.7530      0.108      6.949      0.000       0.541       0.965
x16            0.0364      0.054      0.675      0.500      -0.069       0.142
x17           -0.0710      0.111     -0.642      0.521      -0.288       0.146
x18            0.8547      0.108      7.916      0.000       0.643       1.066
x19            0.1929      0.108      1.787      0.074      -0.019       0.405
x20         1.686e-16   9.51e-17      1.773      0.076   -1.78e-17    3.55e-16
x21            0.5592      0.108      5.166      0.000       0.347       0.771
x22            0.1128      0.009     12.243      0.000       0.095       0.131
x23           -0.0494      0.018     -2.742      0.006      -0.085      -0.014
x24           -0.0036      0.002     -2.070      0.038      -0.007      -0.000
x25        -4.886e-16   6.35e-17     -7.693      0.000   -6.13e-16   -3.64e-16
x26        -4.742e-16   1.65e-16     -2.871      0.004   -7.98e-16    -1.5e-16
x27            0.0099      0.004      2.362      0.018       0.002       0.018
x28           -0.0867      0.015     -5.898      0.000      -0.116      -0.058
x29            0.0672      0.002     40.803      0.000       0.064       0.070
x30            0.0504      0.001     60.483      0.000       0.049       0.052
x31            0.1044      0.006     18.090      0.000       0.093       0.116
x32            0.0982      0.003     33.640      0.000       0.092       0.104
x33         5.754e-17   4.96e-17      1.161      0.246   -3.96e-17    1.55e-16
x34           -0.0260      0.076     -0.341      0.733      -0.176       0.124
x35            0.0026      0.002      1.711      0.087      -0.000       0.006
x36           -0.0270      0.001    -18.510      0.000      -0.030      -0.024
x37            0.0707      0.005     14.983      0.000       0.061       0.080
x38           -0.1140      0.031     -3.713      0.000      -0.174      -0.054
x39         7.755e-17    2.9e-17      2.675      0.007    2.07e-17    1.34e-16
x40        -4.766e-16   4.18e-17    -11.405      0.000   -5.58e-16   -3.95e-16
x41        -1.361e-16   4.47e-17     -3.041      0.002   -2.24e-16   -4.84e-17
x42         3.272e-17   2.04e-17      1.605      0.109   -7.24e-18    7.27e-17
x43            0.0861      0.108      0.797      0.425      -0.126       0.298
x44            0.1287      0.036      3.563      0.000       0.058       0.199
x45         1.139e-16   4.45e-17      2.560      0.010    2.67e-17    2.01e-16
x46            0.0025      0.108      0.023      0.982      -0.209       0.214
x47           -0.0492      0.108     -0.456      0.648      -0.261       0.162
x48         4.129e-17   2.45e-17      1.683      0.092   -6.78e-18    8.94e-17
x49            0.4375      0.054      8.103      0.000       0.332       0.543
x50            0.0551      0.007      8.312      0.000       0.042       0.068
x51            0.0152      0.002      9.688      0.000       0.012       0.018
x52         5.721e-17   9.75e-18      5.866      0.000    3.81e-17    7.63e-17
x53            0.0152      0.002      9.688      0.000       0.012       0.018
x54            0.0008      0.007      0.114      0.910      -0.013       0.014
x55            0.0980      0.001     85.382      0.000       0.096       0.100
x56            0.0263      0.001     20.516      0.000       0.024       0.029
x57            0.0240      0.001     17.868      0.000       0.021       0.027
x58            0.0116      0.008      1.548      0.122      -0.003       0.026
x59            0.0550      0.006      8.997      0.000       0.043       0.067
x60            0.0353      0.007      5.243      0.000       0.022       0.049
x61            0.0330      0.007      5.056      0.000       0.020       0.046
x62            0.0008      0.007      0.114      0.910      -0.013       0.014
x63            0.0463      0.010      4.516      0.000       0.026       0.066
x64        -4.812e-18    2.1e-18     -2.295      0.022   -8.92e-18   -7.02e-19
x65           -0.0776      0.035     -2.192      0.028      -0.147      -0.008
x66            0.1442      0.034      4.223      0.000       0.077       0.211
x67            0.0152      0.002      9.688      0.000       0.012       0.018
x68            0.0547      0.004     12.947      0.000       0.046       0.063
x69            0.0283      0.006      4.699      0.000       0.016       0.040
x70            0.1101      0.009     12.321      0.000       0.093       0.128
x71            0.0186      0.004      4.842      0.000       0.011       0.026
x72            0.1154      0.007     16.598      0.000       0.102       0.129
x73            0.1182      0.001    211.057      0.000       0.117       0.119
x74            0.1956      0.015     13.314      0.000       0.167       0.224
x75            0.1840      0.015     12.488      0.000       0.155       0.213
x76            0.1934      0.015     13.138      0.000       0.165       0.222
x77            0.2109      0.015     14.293      0.000       0.182       0.240
x78            0.1353      0.016      8.519      0.000       0.104       0.166
x79            0.0667      0.013      4.942      0.000       0.040       0.093
x80            0.0501      0.002     21.289      0.000       0.046       0.055
x81            0.0554      0.004     12.587      0.000       0.047       0.064
x82           -0.0016      0.003     -0.510      0.610      -0.008       0.004
x83            0.0556      0.006      8.876      0.000       0.043       0.068
x84            0.0707      0.005     14.983      0.000       0.061       0.080
==============================================================================
Omnibus:                   123073.287   Durbin-Watson:                   1.989
Prob(Omnibus):                  0.000   Jarque-Bera (JB):          2388690.226
Skew:                           3.618   Prob(JB):                         0.00
Kurtosis:                      20.421   Cond. No.                     3.71e+17
==============================================================================
Warnings:
[1] Standard Errors assume that the covariance matrix of the errors is correctly specified.
[2] The smallest eigenvalue is 1.03e-30. This might indicate that there are
strong multicollinearity problems or that the design matrix is singular.
INFO:root:Max error: 0.905522
INFO:root:Mean squared error: 0.011559067388384093
INFO:root:Root mean squared error: 0.10751310333342673
INFO:root:Mean absolute percentage error: 5.310546507262502
INFO:root:Explained variance score: 0.023274
INFO:root:r2 score: 0.023262
INFO:root:Mean Absolute Error: 0.06346281976209692
DEBUG:matplotlib.font_manager:findfont: Matching :family=sans-serif:style=normal:variant=normal:weight=normal:stretch=normal:size=10.0 to DejaVu Sans ('/Library/Frameworks/Python.framework/Versions/3.6/lib/python3.6/site-packages/matplotlib/mpl-data/fonts/ttf/DejaVuSans.ttf') with score of 0.050000
